1.218749054988104206e+02     5.196365347486582920e+01
1.355346100433821448e+02     7.299644297938692716e+01
1.207368940350863085e+02     5.957880406799786499e+01
1.221219212158302554e+02     5.386715898290224658e+01
1.191580416033556844e+02     5.205344608479575186e+01
1.401912966902096684e+02     6.919890986709637559e+01
1.159110580620387054e+02     5.362941758135313108e+01
1.190518755390033476e+02     6.063993840086103404e+01
1.335139273314118213e+02     5.302832884457136942e+01
1.321563313535793611e+02     6.037997542696336950e+01
1.257010976034826228e+02     6.187461118525439474e+01
1.301034319796625596e+02     7.492906385277682091e+01
1.101780396138753844e+02     4.828571406154851786e+01
1.403012023045791921e+02     6.646969196181153450e+01
1.296566762458854782e+02     5.094765620165400577e+01
1.156700813054131913e+02     4.701473208586012476e+01
1.138117910593377218e+02     5.004219468034199281e+01
1.291286633455324022e+02     5.957907973615864705e+01
1.176899669066182526e+02     5.340059169289552443e+01
1.269495757793361150e+02     5.559626822033471427e+01
1.191014461054093658e+02     5.565178970867278707e+01
1.281790095788852000e+02     5.992406669369133709e+01
1.272918132855204192e+02     6.638513318785329886e+01
1.272876973255678053e+02     6.199786792124234580e+01
1.357762317352679702e+02     6.063389612425698516e+01
1.263827085544579489e+02     6.558382116478156831e+01
1.122108327561634695e+02     5.445631689480278936e+01
1.259843848631960128e+02     5.415494435738431633e+01
1.285216743458828148e+02     6.250027474835419383e+01
1.344541729261139267e+02     6.956151082629759230e+01
1.259862017035684545e+02     7.121468056585855777e+01
1.282194610575706690e+02     5.852212722500980391e+01
1.139162046591850697e+02     4.790769363005758663e+01
1.320210650395979428e+02     6.795952323094904557e+01
1.265311456787242719e+02     5.064344121509200392e+01
1.196772073261189178e+02     6.936682828971071046e+01
1.215630383757672632e+02     6.787533549104061592e+01
1.239602273480062280e+02     5.515325927517028504e+01
1.289136759932610232e+02     8.243063979109004435e+01
1.206690333380684592e+02     5.387707462165062822e+01
1.276466403589791980e+02     5.801861594308420678e+01
1.282119711624662557e+02     6.292299569852950469e+01
1.296572485807569990e+02     6.633237534182026707e+01
1.362627549929909776e+02     6.776206292806423903e+01
1.334861822723340197e+02     7.109908930843845098e+01
1.194406582576376081e+02     5.356091843278328923e+01
1.226389192909874453e+02     5.675514624343833248e+01
1.309344715417676071e+02     6.487931421109679775e+01
1.334943890097852659e+02     6.530573399919829569e+01
1.052158080029889220e+02     3.824997670265354799e+01
1.197777501788074375e+02     4.934968158963735618e+01
1.292061672786325914e+02     6.091955390773212997e+01
1.288331193319165209e+02     6.405413521656682008e+01
1.199036239613576669e+02     6.738983320080734529e+01
1.275082753770714277e+02     7.224046070172180123e+01
1.233990977684705825e+02     7.340874487880266486e+01
1.361712527718877652e+02     6.498484094886535445e+01
1.177861024220198658e+02     5.377920289673696885e+01
1.201913888770339867e+02     5.658281194317716967e+01
1.264047388503806815e+02     5.807667100338677102e+01
1.118597522826367481e+02     5.226043771156374618e+01
1.239224463027743042e+02     5.913567134038400752e+01
1.270297213696432976e+02     7.239781638178938294e+01
1.249733192998162679e+02     6.704055474875991649e+01
1.103601016952485026e+02     5.770885765478531937e+01
1.215976225814600014e+02     5.325002311543654088e+01
1.344260773938202078e+02     5.588454934780630623e+01
1.303125366807846888e+02     7.829734563946239234e+01
1.157438077406468295e+02     5.675993930443812019e+01
1.173443139526240486e+02     4.287067757513229793e+01
1.147939923456169282e+02     5.604497008692568016e+01
1.285754929775426660e+02     6.264813722485087055e+01
1.157722141717387814e+02     5.169028592073394179e+01
1.351398957694336218e+02     5.679114003667257293e+01
1.265523422653750885e+02     6.731493446414391713e+01
1.114865557623747492e+02     4.649204180026272581e+01
1.268701473833462927e+02     6.581542594630455767e+01
1.248840216458996082e+02     7.006131363907533682e+01
1.188524175019531839e+02     5.598779078036735513e+01
1.334726784329386362e+02     7.512631042753282884e+01
1.376124925574778217e+02     7.711902816303917518e+01
1.281765387886589167e+02     7.327853223328936849e+01
1.209846806413543163e+02     6.274257335510590394e+01
1.179439783972770215e+02     6.012563988550869709e+01
1.282618738286383859e+02     6.897132560500760690e+01
1.375264665623620317e+02     6.811293135696487866e+01
1.198587958526887149e+02     7.020560515587459349e+01
1.156127640327289754e+02     5.756577324867186718e+01
1.292130948105820494e+02     6.864228120912183329e+01
1.276471189438152720e+02     6.477674982056527142e+01
1.283517214287100501e+02     6.169966611561834924e+01
1.332205099415745622e+02     6.594439523094989397e+01
1.323718354957617294e+02     7.449391218196888076e+01
1.225399726470042623e+02     6.071990402305176104e+01
1.208499384713363440e+02     4.720863377734505661e+01
1.316313556551713759e+02     6.587338871913955529e+01
1.191423220055431926e+02     5.491214220319947259e+01
1.289548107914677928e+02     6.540084013374969629e+01
1.230699535040254204e+02     5.480210137253421721e+01
1.213119299770899460e+02     5.465177452917757961e+01
1.155663344964063413e+02     5.178086945951270081e+01
1.236855224272016471e+02     5.708906896506790929e+01
1.233625073350143140e+02     5.566880007944477882e+01
1.225071187126917920e+02     5.768783539307040087e+01
1.197810150546277583e+02     6.791639940553221777e+01
1.254710507212777060e+02     6.526092094406330091e+01
1.225344064263154706e+02     5.387040335209838560e+01
1.303649034415508083e+02     6.406974437685911994e+01
1.409422555320257686e+02     7.101763712088181535e+01
1.305790349362740983e+02     6.015593611664084506e+01
1.251129836575940431e+02     7.922742913382134589e+01
1.204242866155959746e+02     6.641546233393462728e+01
1.236887553571545340e+02     6.300487029514670212e+01
1.215744441318469740e+02     6.427391545166271669e+01
1.268374197724872658e+02     5.973279582309098146e+01
1.194807280041939777e+02     6.026460200967584058e+01
1.303682716802258597e+02     6.488134288719784593e+01
1.334191635960823987e+02     6.508958696013941392e+01
1.228933478652444506e+02     6.432000140630840690e+01
1.249188882539169327e+02     6.385484314718094367e+01
1.357562564693184584e+02     7.687071963714274148e+01
1.256248391571080987e+02     6.008043197991175077e+01
1.162960796308673110e+02     3.879738749686721633e+01
1.225322278364143500e+02     6.356346311752187006e+01
1.211946383525864803e+02     5.356494219486981478e+01
1.260703763633270853e+02     6.040727701679876560e+01
1.281581076763140175e+02     7.017444082825500118e+01
1.308043360044574968e+02     7.244616526413254576e+01
1.361212564595832077e+02     7.175281774492493980e+01
1.182740637790805209e+02     5.685914515013836734e+01
1.207299135105398449e+02     5.314679973284297176e+01
1.219044012377872406e+02     6.162736545987848302e+01
1.226938126206211876e+02     6.159069045412988430e+01
1.325644762271049899e+02     5.432424257180448279e+01
1.219470993378406263e+02     5.769170613858079122e+01
1.244080870090375726e+02     5.747159935300857114e+01
1.155051001216298801e+02     5.687015392462456731e+01
1.172024915108450358e+02     5.864067841449990937e+01
1.355170993483426116e+02     7.082164996210744334e+01
1.263580344132442406e+02     5.474985087878624057e+01
1.355735843619797549e+02     6.945746837781814520e+01
1.095822190932895808e+02     5.256255650219286935e+01
1.190040446835536301e+02     4.908686366277922986e+01
1.284915532078316005e+02     7.078699828056137733e+01
1.320671756841280171e+02     6.151351454530974650e+01
1.245252026164970403e+02     5.265891162815773896e+01
1.280090482191376680e+02     6.314010360661907129e+01
1.261034194726686479e+02     5.264068002305877059e+01
1.220375180213313939e+02     4.769406027975639262e+01
1.256098648192977834e+02     5.759157676779717860e+01
1.270885926162529103e+02     6.177986377654607963e+01
1.339184017982729245e+02     7.292319961281971530e+01
1.279036902999239658e+02     5.963123973337062722e+01
1.296191338315389885e+02     5.863206595554202494e+01
1.140544505455843023e+02     4.567601967907238958e+01
1.256420984984174254e+02     6.880193794839907184e+01
1.302665536052535060e+02     6.643095070815351733e+01
1.277194423486430424e+02     5.595437282399485213e+01
1.293299166681532029e+02     5.608394390507060479e+01
1.238147051744169005e+02     5.344208309920060174e+01
1.318810824888053048e+02     6.840713116461603249e+01
1.124181030668597998e+02     5.126266849084179000e+01
1.318733287373768519e+02     7.389339994459417937e+01
1.192244591385788652e+02     7.172326020543539471e+01
1.302915183398978058e+02     6.456439714992862378e+01
1.217491595868341818e+02     6.622013612751055689e+01
1.212407634127432772e+02     5.018738448169559518e+01
1.256545133644376051e+02     6.052203960487766921e+01
1.306144772036896597e+02     6.838641017200158956e+01
1.227385233446269552e+02     5.357165108591115654e+01
1.104566508377424725e+02     5.433740312469048206e+01
1.206150962460217073e+02     5.569245464862427752e+01
1.209162064986556970e+02     5.206832794817576371e+01
1.203631985959090969e+02     5.091814034890888507e+01
1.241255910710075767e+02     5.369368433722301148e+01
1.183784566355994201e+02     5.943620813375120093e+01
1.193172234747136855e+02     6.383066979476448211e+01
1.264225089506971216e+02     7.169714226347525710e+01
1.360298477124488556e+02     6.259414541976723001e+01
1.195189685647057587e+02     5.593675388704879481e+01
1.299916453352300039e+02     6.540516766082684796e+01
1.202076367836049116e+02     5.077086172588909108e+01
1.192834876129437305e+02     6.540178082346899657e+01
1.126303701921676463e+02     4.479213339225403701e+01
1.136114715828930599e+02     5.253799142405208045e+01
1.228674337405540626e+02     6.172290458500033594e+01
1.226562767275134291e+02     5.239745969056797747e+01
1.240239855758369885e+02     6.138219721615023872e+01
1.300634334784751900e+02     4.809661283936906528e+01
1.194057552526627148e+02     4.752530562386025537e+01
1.148821416195649050e+02     4.385809347667703406e+01
1.319881208983336762e+02     6.376483778723751783e+01
1.298283024781046606e+02     6.888584684765760358e+01
1.263618853963906474e+02     6.107371364124315960e+01
1.279303545134992390e+02     5.487833155991631884e+01
1.303803667259207941e+02     6.710388942908632259e+01
1.203809178718516222e+02     4.890588928533922797e+01
1.294658914335464033e+02     6.055612895685871422e+01
1.335564401282784672e+02     5.755009690860310911e+01
1.299197182297696145e+02     7.257315036731438340e+01
1.271913318101071440e+02     5.548376769620467996e+01
1.346135018381285704e+02     6.902601366126165772e+01
1.225721276218238813e+02     5.851337163598824986e+01
1.277242219191363546e+02     5.504066252177813823e+01
1.233133684272012403e+02     5.863799885961049796e+01
1.224952252224244234e+02     5.799544756529586209e+01
1.227180069191812493e+02     6.099580569451616441e+01
1.216427738865400414e+02     5.361759638903899372e+01
1.120351693909934028e+02     4.577673834264285802e+01
1.246099788743081405e+02     5.779880140485415296e+01
1.310511512413012269e+02     4.995706939134254299e+01
1.371021031694136241e+02     7.098799495567816109e+01
1.266966006536414397e+02     6.449253680834785030e+01
1.326567361975884864e+02     5.926764956979420162e+01
1.106895468840966146e+02     4.765995975462348611e+01
1.253732928486716105e+02     4.860628546294510244e+01
1.159273337859383020e+02     4.901754471342614750e+01
1.217874057756373389e+02     6.761652131836066815e+01
1.193901971343703110e+02     6.476379059948590111e+01
1.261692536629176118e+02     6.924258903646470742e+01
1.250193766047773494e+02     5.252094883886437060e+01
1.327411909935694325e+02     7.452902256900297573e+01
1.323740350746271872e+02     6.263330382823463793e+01
1.310998062600291689e+02     5.886327029842100700e+01
1.217457713898554061e+02     5.671303969178187998e+01
1.250317409037979957e+02     6.057930556050750681e+01
1.192067631608584719e+02     5.390558499573754858e+01
1.242010692757964136e+02     5.542704478301812543e+01
1.270753534115435457e+02     6.776668390810704068e+01
1.211220040540895155e+02     6.046307706579296593e+01
1.283895796184319806e+02     6.334501601916813485e+01
1.234818540693984659e+02     7.413290911340472178e+01
1.207048838430083038e+02     4.965098681182477947e+01
1.244508102462865793e+02     5.787554995344748221e+01
1.259837739468945443e+02     6.538178686595682620e+01
1.266042594335798839e+02     7.036500781484139111e+01
1.171812628015805586e+02     4.712141238995213399e+01
1.303133321391304094e+02     6.101236592257343005e+01
1.277535073559837286e+02     5.747354568031065725e+01
1.317179775814437335e+02     7.143721473747496020e+01
1.302266097866863390e+02     6.364399238087469968e+01
1.358422053066341562e+02     6.233594978351673177e+01
1.174816288394787307e+02     5.777715412850755428e+01
1.221915897987553024e+02     4.761386826365664859e+01
1.192537981801444005e+02     5.437686091330628813e+01
1.147901126436347425e+02     5.662337372072846620e+01
1.196596112592597052e+02     5.146957654894302436e+01
1.249729181936929052e+02     6.649511689409453652e+01
1.308198632823543051e+02     6.177850367743949533e+01
1.282322172822371442e+02     5.972633629290142920e+01
1.235649715636599524e+02     5.955437055104236066e+01
1.253214314439923243e+02     7.567441193287253043e+01
1.297429487764273688e+02     7.064943166430570898e+01
1.234994464974078596e+02     5.653779025116335077e+01
1.285186712055290741e+02     6.741794982172336859e+01
1.169461331848351477e+02     5.949943490651143208e+01
1.206612977977385412e+02     6.647742503982644280e+01
1.255572980029698584e+02     6.381477141684480614e+01
1.196801810190294049e+02     5.987120862500201923e+01
1.247406968461378227e+02     5.222895623275198318e+01
1.292652753546308588e+02     6.385721026136473455e+01
1.372747152500831191e+02     7.227502114720132909e+01
1.281441859743767111e+02     8.143484522083264210e+01
1.278086268470399034e+02     5.887727431325247096e+01
1.221415438652376366e+02     5.748604195065704658e+01
1.281549406995456195e+02     6.891614351604243893e+01
1.329169229273709902e+02     6.358007176309715192e+01
1.315896376655046538e+02     5.555853973720104477e+01
1.201591541152457125e+02     4.867806377078238000e+01
1.195176305509844497e+02     6.368210185016855718e+01
1.192365427628977699e+02     6.216761994633397137e+01
1.148990001616133441e+02     4.344825769489845868e+01
1.257318447921728222e+02     7.189072817017002137e+01
1.219957553602221765e+02     6.559989081720603110e+01
1.276678190705070932e+02     6.085784974882475495e+01
1.264635533239201806e+02     5.819780811026350875e+01
1.176629904458641818e+02     6.055565255262374791e+01
1.201782756229275861e+02     5.871440127793783148e+01
1.348458572806056281e+02     6.913023793452690313e+01
1.368581349180990685e+02     6.912378675517200577e+01
1.232743854088931243e+02     7.119508983082403120e+01
1.190799596902033528e+02     5.783252017521877519e+01
1.243777438051569391e+02     6.638158019950883215e+01
1.282880851187762801e+02     7.347155679410813889e+01
1.227650318809626242e+02     4.875018836664007438e+01
1.310436107494842304e+02     8.157798221869768440e+01
1.296771216996181408e+02     4.167798669264799116e+01
1.334412799214122742e+02     7.004467404455239432e+01
1.323575367072550648e+02     6.833804190638998932e+01
1.173546733493781176e+02     5.622392125386425477e+01
1.147684555328991678e+02     5.496699403658515592e+01
1.313670395453427489e+02     6.721298076668838917e+01
1.203993673537422637e+02     7.026757184917812538e+01
1.279037689910537381e+02     5.558997655962212292e+01
1.255297078897595497e+02     6.088779470181185616e+01
1.251435941164358496e+02     6.256168920401661637e+01
1.229945798649447397e+02     5.824570023115781225e+01
1.238031235618671104e+02     5.385020957331014557e+01
1.201329869985107308e+02     7.601558969644095498e+01
1.257878112139491975e+02     7.201448799436725778e+01
1.271434510649075804e+02     5.548826989497427320e+01
1.289160123333570880e+02     6.247423645876725118e+01
1.317336092648616273e+02     6.593419446303140319e+01
1.299411871807894272e+02     6.727068203875920460e+01
1.299995527484799709e+02     5.791187988006326037e+01
1.305192562733741397e+02     5.072272294615231658e+01
1.305000784203757576e+02     5.951994293395019753e+01
1.263808399557587308e+02     5.707753601387911857e+01
1.253488373209170419e+02     5.924137377862267329e+01
1.155675146991658977e+02     4.968450878603837850e+01
1.255132700970081459e+02     7.249258800877321107e+01
1.357000862397912897e+02     4.640830468190230107e+01
1.132376831472270879e+02     4.690952318722104764e+01
1.280184799236063782e+02     5.573915808319483034e+01
1.317359033683604821e+02     5.931398379890563177e+01
1.326629126874078395e+02     5.672695037384544037e+01
1.396890117020154207e+02     6.882657369456907759e+01
1.313142136297572335e+02     7.167830464836443127e+01
1.357087669867061379e+02     7.079649387687616979e+01
1.228582677468411362e+02     5.925209537324333553e+01
1.258342885088918734e+02     6.582979437181326432e+01
1.310181312643311742e+02     8.140036878579419977e+01
1.123284828395397170e+02     5.777512607390349331e+01
1.269824615296316921e+02     5.893488396621980741e+01
1.325420638802413293e+02     6.679159626579222220e+01
1.135080763390553642e+02     5.038489040011926079e+01
1.217029646693354721e+02     6.644363403744249297e+01
1.230406455236008583e+02     6.045986628126254203e+01
1.180908383354160947e+02     5.619976774322518054e+01
1.274613052912895768e+02     6.247172231519515151e+01
1.275947941817765070e+02     4.984066961131259887e+01
1.283019170596350875e+02     6.315715369018030856e+01
1.196291181841172602e+02     5.029190484421924623e+01
1.117176133403009146e+02     4.160276733231152946e+01
1.260235562366568161e+02     6.056221696480891836e+01
1.309654698438276910e+02     5.404713724702415334e+01
1.221109466988065293e+02     6.341883344208005724e+01
1.225081743584228349e+02     5.354293602356129611e+01
1.271227349913598204e+02     7.117991838780626779e+01
1.327172320232536435e+02     6.979479168021612168e+01
1.296962582407992386e+02     7.045459287911990032e+01
1.168908024087628803e+02     4.642410686234070027e+01
1.274349150275296694e+02     6.533137839224494314e+01
1.292672165094437844e+02     6.673182624071847613e+01
1.222909162298847292e+02     4.690719733590717766e+01
1.256755520686196093e+02     6.018131817122749538e+01
1.205260846103204955e+02     5.433153749071656335e+01
1.312735526779896134e+02     6.872789939485508626e+01
1.170649579178831772e+02     6.719906986584408060e+01
1.234434130780158938e+02     6.157076447611773062e+01
1.373400253156455904e+02     5.558185039699653629e+01
1.343210003191538249e+02     7.983003123500699871e+01
1.192277695607177463e+02     7.736535786800598657e+01
1.212591320026558890e+02     4.821240162530149576e+01
1.311845666158105814e+02     6.200914108200512942e+01
1.176702712022942876e+02     5.553256013537919955e+01
1.372102397509820548e+02     8.171204269614777616e+01
1.288029664512336865e+02     7.693225453427685068e+01
1.178422939476294999e+02     3.964163860967573072e+01
1.288297122053188843e+02     5.859738359346347636e+01
1.227169918423893336e+02     6.721313517451901021e+01
1.314037668936846046e+02     6.588761815032059133e+01
1.311691045911313722e+02     7.378044504419331417e+01
1.274374804174173619e+02     6.180822263385484661e+01
1.230287101430928232e+02     5.119875772647510814e+01
1.245928162486065105e+02     5.463554574504813388e+01
1.232786436030203419e+02     5.615533508162157972e+01
1.268721754227270822e+02     7.333576482361296200e+01
1.279620917582975750e+02     6.100436748873553228e+01
1.309163614156493338e+02     5.548546142253049851e+01
1.131740100488630105e+02     6.290661190145537773e+01
1.273172741619909658e+02     5.931353219616825356e+01
1.327618442883394607e+02     6.997793101449390463e+01
1.115187339945952232e+02     4.061964032560186411e+01
1.280087077518530236e+02     6.883200457253991544e+01
1.231637147796583776e+02     6.681514469412169888e+01
1.228163840477411384e+02     6.780889367863863981e+01
1.287095042125789917e+02     5.378858972656129112e+01
1.249828327882080004e+02     4.785859503951186866e+01
1.200187368314836647e+02     5.500835197660758524e+01
1.230153768415367495e+02     5.077430759923019821e+01
1.260031644291449027e+02     7.255716536331701150e+01
1.247064558172462085e+02     5.751971767170879701e+01
1.219702834436639165e+02     5.721048897603266425e+01
1.229429494097335294e+02     5.433179928366330103e+01
1.115400801529572021e+02     4.690072662652480062e+01
1.185388785389578175e+02     5.084415387546849985e+01
1.257686166880629912e+02     5.694586288560397236e+01
1.238144834468216686e+02     5.745044299096046814e+01
1.316144255348148135e+02     6.550208127839397321e+01
1.332129250400933813e+02     6.565935118161267781e+01
1.331793197338434140e+02     7.491586471309824447e+01
1.222173196428243074e+02     5.686044579074585670e+01
1.339556136277454073e+02     6.891146195101228500e+01
1.389798203515476587e+02     6.761496023400984257e+01
1.239555808522171674e+02     5.358782367882885467e+01
1.272308953385258690e+02     6.343076214434632476e+01
1.316498822074179031e+02     6.721116705709013672e+01
1.182903734417645296e+02     5.630253312927283815e+01
1.127733254330593269e+02     5.866957533399025237e+01
1.293198029394710602e+02     6.235415095268291452e+01
1.098970556967392724e+02     4.549376006017812557e+01
1.151118986355972567e+02     7.091277941039601274e+01
1.317515633686238345e+02     6.384477082365155809e+01
1.335575459760391652e+02     6.448876241499026207e+01
1.179287729621852634e+02     5.132771903451907036e+01
1.363152855294207484e+02     6.868416826311229784e+01
1.371775799539420007e+02     6.086176592676167729e+01
1.268585499219338288e+02     7.177643783346826467e+01
1.207862601972540233e+02     4.498248705296833805e+01
1.190417212699385914e+02     6.151616374914279817e+01
1.250188105513796444e+02     6.759243669414256317e+01
1.167180339872233645e+02     5.990598147466129575e+01
1.104057044131858163e+02     4.336854154338785605e+01
1.286671246414616689e+02     7.189024029607918465e+01
1.314964475614483206e+02     6.409355702627301810e+01
1.210377671040269121e+02     6.329949633282699040e+01
1.237217480546062376e+02     5.475336207081659268e+01
1.257392852665779941e+02     7.575880233504815919e+01
1.270137222010179272e+02     6.215857287908266215e+01
1.192605439256159059e+02     6.448849281188891780e+01
1.307557604369906130e+02     5.693239056850780599e+01
1.357539795265037981e+02     6.999085766936953235e+01
1.192389522184664088e+02     4.994203199279380812e+01
1.227137207582130429e+02     5.299779419388087831e+01
1.193470035369698792e+02     5.750298569660333925e+01
1.271180536215481141e+02     5.916456604828351828e+01
1.324069953301463443e+02     7.680807314862484247e+01
1.289300787424937198e+02     5.929409731903612624e+01
1.231144544568483212e+02     6.294143678671094477e+01
1.277612716435803293e+02     6.953876888542038159e+01
1.289377439027840353e+02     4.233208002542630766e+01
1.260549013818636155e+02     5.560115666394703737e+01
1.258071264594455272e+02     6.375861200575438659e+01
1.189679550631841778e+02     6.369283381100867558e+01
1.300039158284404834e+02     6.333915114314583406e+01
1.143466592655287997e+02     4.231019288289922287e+01
1.220531122569228160e+02     6.259555251659558195e+01
1.309922221746878108e+02     6.182947015243023259e+01
1.221897451581406813e+02     5.323717885932523330e+01
1.268041630217772564e+02     5.509466344837465357e+01
1.211929727901255234e+02     5.028743893688298527e+01
1.262204302870971020e+02     6.982584979598883024e+01
1.358542670063945366e+02     7.138381933314725813e+01
1.243468504997093476e+02     5.779468848328176733e+01
1.360439969998774927e+02     6.617435529962612861e+01
1.294811228896654143e+02     6.357276540099212525e+01
1.265069297603050416e+02     6.603278993402636843e+01
1.329042409793672448e+02     6.545372364450544467e+01
1.165643044773433417e+02     4.915366824853194316e+01
1.223497190100417811e+02     5.435706962861926428e+01
1.269227436071957555e+02     5.605194204864888974e+01
1.247434498605491768e+02     6.495730766703754000e+01
1.321091474519407143e+02     5.504148644492309472e+01
1.219847525704661564e+02     5.400571052220383450e+01
1.262787702059989101e+02     6.308507179424842803e+01
1.261326266224199344e+02     5.323321657095506509e+01
1.088602690027509965e+02     3.825155699384879426e+01
1.113306614540276485e+02     4.507967677826748343e+01
1.200366586774505890e+02     6.685640816248292140e+01
1.113246684481520958e+02     5.434949222763185617e+01
1.174249892884805462e+02     5.757178960348390007e+01
1.217290708006354834e+02     5.786700251751695134e+01
1.192022666406299152e+02     6.203327880512027548e+01
1.302854813355815793e+02     6.739720732270674830e+01
1.213226607054983219e+02     6.236417789151729352e+01
1.178645509171308987e+02     4.284090407628109887e+01
1.152539534762380242e+02     6.066960098428408088e+01
1.284234517636536737e+02     6.044787794169648976e+01
1.263971148360209753e+02     5.691612529859136060e+01
1.218043079800307709e+02     5.218109830466051591e+01
1.194241711970051654e+02     5.891957049025117499e+01
1.299737811755186385e+02     5.519984105546277675e+01
1.270005669305488851e+02     6.425425558138920223e+01
1.300169756269921209e+02     5.215326314219406356e+01
1.292203225622706668e+02     8.347500920933477175e+01
1.249727498196653386e+02     6.135884049780716509e+01
1.199383685567286477e+02     6.307015105809028199e+01
1.169732444520936383e+02     5.040334143946305545e+01
1.193054439426482958e+02     4.521914188206652341e+01
1.152637320411001554e+02     4.861287916232999606e+01
1.082918119844516696e+02     4.108779449847462217e+01
1.330022033196229074e+02     7.605475030056665275e+01
1.254783749103811203e+02     6.462659888989594492e+01
1.264651994974774709e+02     6.799706409770324456e+01
1.278947698034040741e+02     6.370047635418516307e+01
1.254285815580500980e+02     7.031817877529212524e+01
1.204158749167159215e+02     5.732954759631991948e+01
1.283531216757540960e+02     5.881856006906750878e+01
1.196920123765124089e+02     5.526379927508664025e+01
1.340624098951919336e+02     5.730292622012560599e+01
1.175397226443742369e+02     4.804756786818022363e+01
1.311511651388404971e+02     5.310206325373455627e+01
1.304627140107247101e+02     7.049837893625466734e+01
1.042957991175195360e+02     4.730348973810149005e+01
1.133049502527898369e+02     4.459457047130698726e+01
1.209382267201479806e+02     5.470342139717039487e+01
1.168005538621769404e+02     5.681700818950796616e+01
1.258592296153853312e+02     5.918890195534032017e+01
1.251271811787595425e+02     4.494161995119088715e+01
1.144502773407268279e+02     5.808306894990091962e+01
1.253993886042133852e+02     5.693599787891532316e+01
1.311021887187405639e+02     7.386910816920116929e+01
1.285694902259287744e+02     5.124244435955033339e+01
1.272234370734350932e+02     6.025491139676779540e+01
1.369303903160483458e+02     6.428601429237797049e+01
1.212095118961228479e+02     5.327859939676697110e+01
1.297503678559822049e+02     6.346119379621237044e+01
1.288811680985091357e+02     6.072033701143640627e+01
1.157423015089683815e+02     5.131100426004718429e+01
1.180474282637895556e+02     5.169882451397656808e+01
1.281378418456032477e+02     6.766515510061272209e+01
1.309990249610072510e+02     4.970837682418431314e+01
1.282851210069028411e+02     6.392477129489771670e+01
1.209585161369266331e+02     5.335723307893636047e+01
1.361730965100780395e+02     7.641833220650602243e+01
1.177796729732125840e+02     5.281246782577562016e+01
1.274319678061240779e+02     6.396594580726429058e+01
1.166347390713543035e+02     5.556790036675502620e+01
1.146435069058040455e+02     5.957729138870372765e+01
1.272937070304952272e+02     6.190396005837278182e+01
1.258747151164260174e+02     6.104879545929284745e+01
1.155581131678659972e+02     5.226163283320784814e+01
1.232412285475514580e+02     6.304194379995625042e+01
1.350147621353700060e+02     7.508303369043628095e+01
1.250499773485540089e+02     5.989471203819915957e+01
1.198629360457910309e+02     5.256355651835308862e+01
1.053453221931675614e+02     4.749889627990047813e+01
1.294692564859419690e+02     5.320182007365301757e+01
1.313331526316646318e+02     5.757758118989664098e+01
1.272548340427130142e+02     6.518436453411132447e+01
1.325105267283173021e+02     7.581378829136917830e+01
1.198330130606217097e+02     6.269111904707521177e+01
1.170022055855946661e+02     4.875968829272208183e+01
1.287949345892152735e+02     6.650675818090208224e+01
1.262533398614296090e+02     5.631444927168182346e+01
1.322752716530625605e+02     5.492488200307435164e+01
1.198355048778811636e+02     4.383657745009701046e+01
1.300332814643323900e+02     6.428172493065444826e+01
1.242310983092483383e+02     6.014761747694775096e+01
1.333507189686193044e+02     7.533003555242684968e+01
1.220688602429041936e+02     5.720903177795509009e+01
1.255418468526867031e+02     6.407099632653520871e+01
1.207040073222191552e+02     5.168869588839465479e+01
1.228636673415567060e+02     6.765179478231272014e+01
1.202612562956988995e+02     6.150987828822191972e+01
1.219499715423395685e+02     6.207257351111257293e+01
1.337689965807066130e+02     5.715660016828316259e+01
1.175833588647042518e+02     4.946283168730034419e+01
1.290602697039448117e+02     6.446805968671863241e+01
1.252930113109046033e+02     5.939128130598538746e+01
1.210318977926177837e+02     4.916614335253690626e+01
1.325653025950799133e+02     6.674342496261618862e+01
1.231437691352279842e+02     6.907433280783058649e+01
1.305204052556877912e+02     7.784425948366835257e+01
1.246732396816530013e+02     6.121697966291966253e+01
1.139506424872921428e+02     5.013864797072934465e+01
1.205964669212775675e+02     4.903384967898398372e+01
1.289501940767787289e+02     6.621415837872372379e+01
1.257302485743346239e+02     6.518341469565088175e+01
1.174046850508304516e+02     5.203571556458214786e+01
1.119953939529196845e+02     3.937514180027588395e+01
1.252489473201405730e+02     6.411263008669389762e+01
1.313680948498489727e+02     5.938258952004851920e+01
1.206959488670435690e+02     5.980870360026390387e+01
1.321413712616492830e+02     7.462906535991197643e+01
1.191800298954875217e+02     6.073953152405079692e+01
1.254834855780711820e+02     6.457951896644449619e+01
1.253149151244619333e+02     5.392176831163811812e+01
1.177254766618176376e+02     6.305160367308894109e+01
1.252921558517016649e+02     6.973973368945981122e+01
1.239053055936372090e+02     6.828633971902789312e+01
1.308592003841749545e+02     6.324327000681844879e+01
1.223155225525062235e+02     6.470161774954628697e+01
1.296239019794570027e+02     7.932733092217274873e+01
1.241421269476195022e+02     6.169698761646517227e+01
1.221295874253418390e+02     5.696975797434271271e+01
1.290011503363077452e+02     5.417360376425212820e+01
1.208013983240159490e+02     5.493006276233540319e+01
1.154996362962082657e+02     5.939813138487136257e+01
1.192458233902677307e+02     6.090578535438815777e+01
1.264495491995216838e+02     6.097819608884000786e+01
1.183300339123856446e+02     4.228830909716443642e+01
1.279968354776345620e+02     6.711025730735713068e+01
1.172052665444230257e+02     5.378040663041110747e+01
1.274808505295366388e+02     6.685249059277300887e+01
1.278676962159207875e+02     6.482777962104108838e+01
1.264282324239395763e+02     5.970956851936701071e+01
1.250050006912818219e+02     7.171704780110883348e+01
1.126110681774568718e+02     4.527886961229506113e+01
1.280349316631511840e+02     6.312473678764094842e+01
1.337075065410966772e+02     6.614024359070604930e+01
1.203039366931811003e+02     5.015333253130988567e+01
1.224883580521495361e+02     7.473076693320969355e+01
1.297400937426899930e+02     5.589611598155965311e+01
1.270076535739722061e+02     6.360061239872018035e+01
1.247208061642473922e+02     5.057672099280756584e+01
1.246860955984230515e+02     5.328913487512909342e+01
1.170629319954109491e+02     4.960425730420658397e+01
1.218907032645006581e+02     5.015549038904416790e+01
1.301576699635348859e+02     5.533361311087150369e+01
1.237458226321441828e+02     6.503209440716042877e+01
1.310967276984613079e+02     7.318543172464690372e+01
1.244840017934035785e+02     5.862057949925472400e+01
1.239833653972879688e+02     4.855981109954749542e+01
1.237511586920100655e+02     6.080313130274664246e+01
1.279873618229071752e+02     5.757151008638572165e+01
1.311589564442724054e+02     6.004774494591243439e+01
1.271147790565562872e+02     5.549981718501896921e+01
1.276221209436232016e+02     6.845837677373557995e+01
1.175686947107366649e+02     6.069787762658978636e+01
1.234711307798496307e+02     5.326324979002685467e+01
1.235482558504612030e+02     6.070806394939658901e+01
1.200661859419128064e+02     4.621305967516609314e+01
1.257990924749350654e+02     6.278421308809377166e+01
1.175238738217956751e+02     5.559022683046399038e+01
1.256488928329607546e+02     6.033370129602889875e+01
1.309288109982651065e+02     5.753332948298587013e+01
1.149556929061774184e+02     5.106964390068836934e+01
1.233703207629413328e+02     6.049068857075721439e+01
1.192364860470476344e+02     5.660502944104148071e+01
1.263465164756297838e+02     6.939222833343553987e+01
1.195715962808604189e+02     5.691096028352512093e+01
1.138813713283615670e+02     4.973540086449315822e+01
1.264932574899594613e+02     5.000719572983740591e+01
1.227891966754791042e+02     5.062994220290773484e+01
1.193600334161648249e+02     4.822891296443832942e+01
1.233929583126982976e+02     7.065247868365132433e+01
1.208327922292410364e+02     4.494443482612804530e+01
1.253011853752713307e+02     7.223511535580207976e+01
1.318332512938564207e+02     6.650919167337852400e+01
1.265780876598369673e+02     4.929343418445325398e+01
1.251199591299818081e+02     4.741218938781946690e+01
1.184517744433085369e+02     5.891737239044820029e+01
1.189591801050987243e+02     5.144222324150084802e+01
1.315954630928099220e+02     7.095494158900201853e+01
1.252310106349899712e+02     6.156070854117267999e+01
1.129154870453147055e+02     4.590580216271163749e+01
1.241778165922443407e+02     5.713655827793525077e+01
1.257941939693536852e+02     5.662625409130072285e+01
1.168839061010849036e+02     5.187368616421126433e+01
1.210337394268807003e+02     6.278961794282830056e+01
1.129937584321889972e+02     5.430173725709173738e+01
1.252430940495129619e+02     6.541387130110744863e+01
1.282887191088261716e+02     6.308389382923493827e+01
1.229109021909654018e+02     6.000118567837569827e+01
1.138091575508219080e+02     4.654839958487144713e+01
1.244964153613739768e+02     6.401672894186540930e+01
1.065213207585060076e+02     4.080617353016172189e+01
1.323601585679861614e+02     7.127347387856541161e+01
1.230822249916827644e+02     5.540051399759706641e+01
1.379878108343382621e+02     8.004798578113704366e+01
1.229078645968918835e+02     6.754993025486983527e+01
1.123893014779696955e+02     3.783790029248086029e+01
1.205414875186859831e+02     5.515448869808293608e+01
1.276494013565490349e+02     5.628523117947876386e+01
1.275181506730897070e+02     7.136400294866635363e+01
1.265584012734256163e+02     6.449956980091805292e+01
1.142114215796405716e+02     4.141751228544091390e+01
1.378541656697264557e+02     6.489719557068283962e+01
1.318627973387982024e+02     5.267380910909322012e+01
1.180588218726536525e+02     4.702697176951958369e+01
1.253033041528988605e+02     6.056610942237534090e+01
1.130437009153968262e+02     4.951382131007053289e+01
1.346819238553981677e+02     7.106454540097212202e+01
1.284537594370146110e+02     5.416382903715683739e+01
1.332092560976054472e+02     6.778865336501971228e+01
1.247142029801648704e+02     6.263582726879147344e+01
1.331779675518300792e+02     8.124526680448704496e+01
1.307323767385976510e+02     7.410607511485298460e+01
1.152017735349165264e+02     5.413351087309575149e+01
1.165643742504222899e+02     4.945491777450249771e+01
1.313786775783699454e+02     6.644742719507316053e+01
1.205979484650591615e+02     6.363332272993291383e+01
1.312088236091431384e+02     7.479526941518292915e+01
1.338551844908812996e+02     5.465765819911201362e+01
1.148108351514771783e+02     5.429642763893542678e+01
1.347996410906367259e+02     6.710017208107343833e+01
1.237946090971224749e+02     6.100067817771112999e+01
1.233213729828673877e+02     6.845733495628127230e+01
1.116210170740483818e+02     5.399750951013380984e+01
1.148944326349186866e+02     5.351653467749365944e+01
1.243928622581260299e+02     6.042341769064370283e+01
1.220199536963703224e+02     5.600375734371399261e+01
1.240501368992970299e+02     4.600902160856765732e+01
1.267202701551245809e+02     6.888548628840072752e+01
1.148586762846675242e+02     5.565970154048448393e+01
1.207220376629528431e+02     5.333139801634352040e+01
1.260814713674390788e+02     6.932944893222094151e+01
1.257696543270444778e+02     6.095143026348262794e+01
1.239486717640174618e+02     5.643567607730982871e+01
1.269498673092598153e+02     6.498191708455908611e+01
1.222881532500062036e+02     6.678173775443191573e+01
1.260511200174063902e+02     6.362047445427270986e+01
1.216129079609585233e+02     6.383450899636348197e+01
1.391545146294915298e+02     6.646566381259978584e+01
1.247171645597627929e+02     4.781736930407951291e+01
1.328562209523949775e+02     6.106539421395570599e+01
1.289106934038133261e+02     7.010352722001589143e+01
1.348383493000803810e+02     5.765029364295695302e+01
1.226485917689478242e+02     6.153414817458950381e+01
1.265578202406419024e+02     7.697902285719185045e+01
1.230215778607711030e+02     7.013253473665488968e+01
1.238411063115060529e+02     6.056379359642234306e+01
1.168016488782147491e+02     5.849992958047873515e+01
1.275518047894778562e+02     5.450387628214255642e+01
1.288598070601249788e+02     6.278385865206637817e+01
1.229733176534141705e+02     6.074325817324956489e+01
1.307949796021602822e+02     6.739046514091354823e+01
1.190141109324611506e+02     5.554812753582746865e+01
1.228371094030410688e+02     5.709029269202039103e+01
1.262769405150308586e+02     6.500024470968710943e+01
1.240035392728246961e+02     5.544920480456526235e+01
1.277740788209533775e+02     6.289732765857306873e+01
1.345775076402490811e+02     5.595401394146470864e+01
1.253508122429114024e+02     4.970839405519915744e+01
1.262236832846596855e+02     5.694916737574022392e+01
1.176144404664385803e+02     5.401348820897054992e+01
1.314630195679096403e+02     6.699301171334610672e+01
1.291960271539621772e+02     6.732691272368451507e+01
1.282365139888806596e+02     6.805686636342048246e+01
1.245445253598310273e+02     5.627228862383841346e+01
1.204543008225937513e+02     6.073185680119775043e+01
1.169333954473438411e+02     4.885686564889773820e+01
1.117160631588376134e+02     4.551567303403709275e+01
1.340583713442473481e+02     6.559806851460020027e+01
1.160094901811845745e+02     4.249621082957208529e+01
1.332566766116241581e+02     7.068735671129630305e+01
1.280050946097818496e+02     6.243369003579160648e+01
1.338123354946712880e+02     5.885678627576127298e+01
1.270530256885645315e+02     6.950080455872925711e+01
1.263043735687362954e+02     4.420274309329305851e+01
1.251739716239895586e+02     6.285111760551132676e+01
1.230105941842265196e+02     6.449691004205696743e+01
1.282409052249793717e+02     4.364937450888364623e+01
1.254453225165760131e+02     4.899173964611152599e+01
1.199600000018553061e+02     7.374356699594429188e+01
1.188273637619066960e+02     5.604185423789285636e+01
1.246557767676413420e+02     6.491019794929013642e+01
1.362773850771210107e+02     6.822243010283789033e+01
1.204695136135310776e+02     5.275719080481829337e+01
1.257552062477109303e+02     6.570074009525852432e+01
1.255539265363547798e+02     5.392298668150495899e+01
1.360910683114592246e+02     7.053554575024277540e+01
1.125771273191230506e+02     4.890119648687478815e+01
1.294171192751093429e+02     5.801368166626446055e+01
1.395501454243915589e+02     7.211617170719141257e+01
1.281020081522364364e+02     6.118481083879456861e+01
1.276820595234511302e+02     6.543081291811171241e+01
1.314150708624087827e+02     7.172659608725294333e+01
1.239799250814171643e+02     6.593506603391506360e+01
1.169466561382956229e+02     5.010978752688536986e+01
1.287420734352944294e+02     6.856535284551597442e+01
1.248912226907135476e+02     5.309597404374680707e+01
1.266392038390974335e+02     6.711806892130680069e+01
1.244840907622555903e+02     5.468420853212320765e+01
1.137486063777049878e+02     3.924409313644601838e+01
1.331449462883054764e+02     6.204669455607271544e+01
1.351282091956933016e+02     6.225067017769710276e+01
1.207979708826520522e+02     5.774827855832163692e+01
1.206644646496579298e+02     5.294873756342108351e+01
1.267741762850668579e+02     5.628936094232990683e+01
1.265680669229658264e+02     6.588487249228475662e+01
1.293382213201394109e+02     5.677900152505264231e+01
1.217266030413942701e+02     6.116068215829684362e+01
1.180235102256486499e+02     4.867549363273510465e+01
1.186532087871625407e+02     6.444704373546663589e+01
1.265072430967718446e+02     7.279479193276571891e+01
1.294289153260818921e+02     7.194642387058139832e+01
1.175928374758561006e+02     4.957976778237936344e+01
1.300491716144632903e+02     7.193666189977156478e+01
1.265175068556900726e+02     7.071091031652028391e+01
1.264492763211256232e+02     6.160851565842514077e+01
1.278649562543593987e+02     6.617669177451476514e+01
1.381512952698450647e+02     8.969681265012650329e+01
1.194087943731266677e+02     6.666217577135013528e+01
1.229337558853847696e+02     4.786281875802624342e+01
1.291509869127843615e+02     6.222327103031370399e+01
1.271512643714673487e+02     7.075671187251555239e+01
1.150554091999430284e+02     5.427364034143019467e+01
1.208525839778955770e+02     5.695432749326393207e+01
1.365583887783097055e+02     5.703986250706802963e+01
1.195205315535950632e+02     4.759623938450465630e+01
1.347984741113560574e+02     7.261713896470571683e+01
1.283103978127196001e+02     7.034554842884517711e+01
1.288150978917435339e+02     7.252439245944474067e+01
1.206802708401397553e+02     5.963174354429901314e+01
1.282119959547586916e+02     5.513792888760949040e+01
1.229221753405912949e+02     5.842965513802065658e+01
1.191623538766948656e+02     5.473220187048116259e+01
1.226378603626442612e+02     6.243780327356880377e+01
1.251817942160051302e+02     6.323116200233842221e+01
1.229387169017725370e+02     6.695850761411868746e+01
1.288005611420828416e+02     5.922909198059188896e+01
1.150296964760024423e+02     4.982195964034270474e+01
1.349968494064297602e+02     5.904938019781573644e+01
1.280202384064002104e+02     7.835821141178560367e+01
1.262145605254177951e+02     5.831176861942695666e+01
1.315606940785351924e+02     5.659814765486688515e+01
1.283753474441630260e+02     6.410383246976209648e+01
1.125796492509328175e+02     4.847538181152728498e+01
1.260534336691870152e+02     4.747984859370860988e+01
1.145670496959459541e+02     4.763107418674650262e+01
1.363733593399598760e+02     6.639226922917740126e+01
1.317991266707006730e+02     6.060448456902333447e+01
1.246044138707333104e+02     7.025041762088223152e+01
1.230961582120396685e+02     6.015952403305441010e+01
1.357398852649132550e+02     6.403057229035579212e+01
1.218840409489666001e+02     5.362714260933729093e+01
1.215424220764349457e+02     4.906843713890330605e+01
1.338740529348019663e+02     6.885161555398670430e+01
1.078278140860489316e+02     5.203346603079843646e+01
1.178686206792904301e+02     6.231076258638914567e+01
1.182007421599236352e+02     5.153232893877592602e+01
1.181324394833948759e+02     5.581556193211744699e+01
1.283341027437886908e+02     7.111362664143321410e+01
1.350501512105068116e+02     8.272740901867931029e+01
1.210373142468612429e+02     4.260749003995872641e+01
1.270123424961532379e+02     6.287553972056630869e+01
1.176234489462339496e+02     5.552260451788552587e+01
1.278374679261026330e+02     6.668246804853198739e+01
1.247945752613945132e+02     6.296969817901351263e+01
1.297808139511113268e+02     6.552842097351951622e+01
1.253835276896312649e+02     6.349037205839098874e+01
1.340684971021476031e+02     6.194573825385760557e+01
1.210373612806067740e+02     5.605721961696853839e+01
1.133624302970826392e+02     5.259395157870368820e+01
1.238987417218389027e+02     5.273447985556166628e+01
1.229776831669536534e+02     6.795362907597177582e+01
1.177878877840224163e+02     5.693776478907950889e+01
1.328974702841250917e+02     6.401930391142626320e+01
1.255841616460080559e+02     5.972547689298222906e+01
1.367128855029083923e+02     7.531515744163482395e+01
1.186885001894550271e+02     5.107753859673408670e+01
1.276793534549111797e+02     7.254593582002928542e+01
1.176550185292236677e+02     5.209631286988644661e+01
1.255763450419923828e+02     5.674470929909745109e+01
1.321881865396522926e+02     6.007994245586922233e+01
1.274555907409379500e+02     5.765614701640478756e+01
1.326919385160119873e+02     7.091050524328703375e+01
1.184691455285236970e+02     6.300627547903805947e+01
1.306646748317597257e+02     6.547966217975523762e+01
1.333285840869980063e+02     6.857759686984093150e+01
1.227852135401503944e+02     5.385366133823291079e+01
1.102106424652065897e+02     4.928429137681588657e+01
1.232716778842768832e+02     6.012441536199516179e+01
1.257726589639043340e+02     6.297657783235023743e+01
1.191744525062485138e+02     5.845326993909950630e+01
1.175986263184757661e+02     4.863946013404670765e+01
1.272677141949443325e+02     6.951749771186959492e+01
1.240151674753405615e+02     5.709610510086557156e+01
1.266333513131347672e+02     5.493712131449624536e+01
1.256262292828437950e+02     5.268578265173891850e+01
1.276167328649768677e+02     5.562479675988546290e+01
1.248531045300040176e+02     5.754421135188966474e+01
1.302799897689044997e+02     6.776989344778702673e+01
1.310969861686683089e+02     5.604028590310824853e+01
1.216838676021480978e+02     6.518545676677388201e+01
1.211258646868651141e+02     6.400377061342908291e+01
1.184067900987515571e+02     4.715567582669960700e+01
1.172461505654644327e+02     3.785246401826536555e+01
1.224323212668628287e+02     6.049510348375879687e+01
1.274815773671723775e+02     7.520415589782228949e+01
1.283852758738136401e+02     6.008858701368044564e+01
1.240763383718257700e+02     5.721707317486141164e+01
1.252413254330538877e+02     4.637001433958993601e+01
1.285815020247876532e+02     5.745338356466810126e+01
1.283203440163107985e+02     4.599031049477451205e+01
1.124877389533783116e+02     5.194242382266893543e+01
1.311801998240770217e+02     6.704813627197864889e+01
1.364486702815783303e+02     7.072231661780806178e+01
1.373762151892898089e+02     7.678817496182898594e+01
1.212911702245229151e+02     6.441725424870497818e+01
1.225793610376068727e+02     5.877331722049260776e+01
1.421090639883701385e+02     9.799255182487884497e+01
1.258139661735656887e+02     6.338369107386820644e+01
1.328239035656370390e+02     7.106310307320607933e+01
1.148761538164120140e+02     5.026861706404615404e+01
1.222508040284512845e+02     5.838202078745087675e+01
1.270768680042295244e+02     6.232885074445632512e+01
1.077375090164640028e+02     3.714915324276475417e+01
1.260962396833488697e+02     5.380326532427722697e+01
1.248984484914570317e+02     6.355394145137235284e+01
1.188725782731941507e+02     4.569413583912200494e+01
1.175275734628194186e+02     5.793078228343360081e+01
1.294137482481970380e+02     5.648478368577919895e+01
1.283610402788263798e+02     6.817904776586881610e+01
1.138493834082550791e+02     4.824457325439602329e+01
1.218891091830308824e+02     6.866454030627812699e+01
1.175787325649650228e+02     4.540932491317683173e+01
1.195687616496419565e+02     5.924514538583675716e+01
1.334792705993665152e+02     7.438893209543823559e+01
1.291302370595741991e+02     7.951533679479800298e+01
1.245988276005769393e+02     5.836676941962349474e+01
1.211176915533014551e+02     5.833745368155494759e+01
1.287971291074823910e+02     6.839355139571431152e+01
1.288388666790935702e+02     5.954408820415670789e+01
1.264183257877635924e+02     5.556003804791959055e+01
1.156312397066585049e+02     4.685900404764500138e+01
1.248947400911443708e+02     6.431994205116603780e+01
1.119403388725843200e+02     6.189402710049223089e+01
1.295476102541961438e+02     6.627756599304191809e+01
1.274860042096891135e+02     5.583585555591012906e+01
1.336238288041432725e+02     7.165947090871033254e+01
1.313947304618213252e+02     6.649743902910621784e+01
1.298955689464471277e+02     7.069871662772634124e+01
1.202958856046696354e+02     6.041423401805041493e+01
1.322919066822431091e+02     7.097432618918814740e+01
1.320739816567140110e+02     6.105679408251496199e+01
1.147070069008631634e+02     5.392550648325661200e+01
1.166869949899536607e+02     5.378069569207321621e+01
1.280841640862171573e+02     5.334436952985215186e+01
1.343361071726478428e+02     8.585124572328186332e+01
1.219058217020531600e+02     7.108973737797042247e+01
1.239975784148515885e+02     5.011367114451702776e+01
1.242386559475139620e+02     6.081832669880467535e+01
1.292756552961706120e+02     6.418000804087512279e+01
1.195278378804859187e+02     6.016812901143541126e+01
1.284452749209124534e+02     6.820564311445630779e+01
1.332930521072078420e+02     6.747798259078602712e+01
1.152583811549229296e+02     5.226845886460166213e+01
1.179627456276894719e+02     5.094357383276741302e+01
1.277352458419891548e+02     6.653597441939632517e+01
1.285806055362268694e+02     6.226385249937307265e+01
1.365364984064104021e+02     6.646556110951974006e+01
1.213932366202959798e+02     6.567247833628316300e+01
1.338242442360456153e+02     6.345606654823937731e+01
1.376752806363166428e+02     6.749942084881671178e+01
1.281936891265051202e+02     6.476565958265175027e+01
1.258243445219236349e+02     5.285410477173487465e+01
1.310365341808762025e+02     5.850739884700844584e+01
1.177148832128209079e+02     5.365373468512032673e+01
1.262169429425362637e+02     7.720942747075626755e+01
1.313284068390270534e+02     6.513219460977146014e+01
1.253620539885620531e+02     5.565712620228016760e+01
1.123209456687950336e+02     4.795572962833049502e+01
1.311077031309193899e+02     7.168061955592325774e+01
1.285097968959276500e+02     6.939497739534806442e+01
1.363413247726324187e+02     6.944574264701584809e+01
1.297920562417647545e+02     6.958123294260525427e+01
1.280611091892715478e+02     4.947259315322498452e+01
1.285418266657642334e+02     4.953004637418906952e+01
1.147404756769783205e+02     5.982345655096856518e+01
1.217634946192508210e+02     5.218897645199516688e+01
1.108502364139013707e+02     4.132104336042002046e+01
1.246661919306811512e+02     6.067877708104342105e+01
1.282359684109133298e+02     6.676111059240550105e+01
1.338941891908694970e+02     7.293210543507220223e+01
1.012489080480150534e+02     3.267040938123830784e+01
1.149337637442058480e+02     4.882226729790402686e+01
1.278988622594480091e+02     7.638373139836566850e+01
1.244660665547221043e+02     6.089539274548004499e+01
1.186025316561240430e+02     6.288185970121573831e+01
1.286276598460380853e+02     7.408649198459964680e+01
1.347332244477186975e+02     6.741922447463936408e+01
1.286657262778447830e+02     6.714077394713379476e+01
1.238892804862906871e+02     5.586285948378666433e+01
1.262096789171534539e+02     7.383210710120434328e+01
1.206917032856621148e+02     5.186043776855620280e+01
1.170366068451605628e+02     4.611788860578410265e+01
1.240360075929678061e+02     5.143447822536706582e+01
1.126576080034963780e+02     5.122808929071022988e+01
1.221884201607301890e+02     4.924054419728834375e+01
1.305766240748910434e+02     6.693104994543199382e+01
1.254461895619559471e+02     5.301711624730993577e+01
1.324527381386931779e+02     6.955690127722296268e+01
1.266370825557418272e+02     6.329044668018824638e+01
1.224271841972114885e+02     4.651292447022205323e+01
1.170091795686826543e+02     5.718495366940108937e+01
1.237410517792374236e+02     5.250787813712249630e+01
1.312744897607520613e+02     7.407616435150328016e+01
1.278561428963276825e+02     5.131439432780834409e+01
1.312355765229271469e+02     6.169977999158979998e+01
1.200131932686429508e+02     4.848434858757080690e+01
1.348653893532598147e+02     7.353607980732249416e+01
1.217913046012481146e+02     6.099660410733481797e+01
1.303459736387986823e+02     7.463404580808341393e+01
1.336011483820762464e+02     8.036785500943352645e+01
1.255913504159611733e+02     5.700658001011925791e+01
1.366662984797065974e+02     7.451031171608758541e+01
1.237922364644076936e+02     6.387316180597175475e+01
1.226851694279157812e+02     5.408500708612232444e+01
1.259500739267922143e+02     5.861402486129959044e+01
1.173564183196909170e+02     5.196578997620231632e+01
1.280325415141558949e+02     6.039903984571194684e+01
1.277007796809288180e+02     7.618519081773911239e+01
1.256250299543426650e+02     5.611582432062025561e+01
1.327223703411210352e+02     6.822643055408939006e+01
1.215439293765718389e+02     5.441493342555611434e+01
1.254674685490548711e+02     5.762973825140581141e+01
1.320490941613223583e+02     6.177232985298424239e+01
1.327100493666871444e+02     6.725275348046081092e+01
1.295151171667021401e+02     8.450834606617613076e+01
1.250834327151396650e+02     5.818311691037010291e+01
1.375510667063758774e+02     6.189501281333286897e+01
1.239407610091839445e+02     5.890641014963854616e+01
1.214440175818991037e+02     6.804160592008115316e+01
1.253921599007469467e+02     6.685309796476933286e+01
1.266197737369435572e+02     6.829343129954719416e+01
1.302805532275795883e+02     6.592908511729466170e+01
